     1   141   199   134   190     2   145   115    38     6   157     4    27   133   188    20    47    89    31    16   172    10    34    87    30    13    37    12    35   164   167    17    42    22    50    32    40    44    41    55    54    53    49     5    29    33    52
82 2 1
26 2 1
83 3 1
146 3 1
3 4 1
147 4 1
200 5 1
28 5 1
97 6 1
156 6 1
98 7 1
270 7 1
7 8 1
201 8 1
107 9 1
277 9 1
9 10 1
163 10 1
111 11 1
280 11 1
11 12 1
281 12 1
236 13 1
36 13 1
239 14 1
169 14 1
117 15 1
285 15 1
242 16 1
171 16 1
243 17 1
173 17 1
118 18 1
286 18 1
124 19 1
45 19 1
127 20 1
291 20 1
129 21 1
182 21 1
129 22 1
182 22 1
130 23 1
184 23 1
255 24 1
191 24 1
136 25 1
293 25 1
135 26 1
292 26 1
93 27 1
154 27 1
84 28 1
148 28 1
138 29 1
296 29 1
200 30 1
28 30 1
128 31 1
202 31 1
8 32 1
159 32 1
104 33 1
274 33 1
126 34 1
290 34 1
25 35 1
294 35 1
106 36 1
276 36 1
111 37 1
280 37 1
3 38 1
147 38 1
82 39 1
26 39 1
14 40 1
39 40 1
15 41 1
170 41 1
200 42 1
28 42 1
85 43 1
150 43 1
18 44 1
43 44 1
135 45 1
292 45 1
97 46 1
156 46 1
140 47 1
198 47 1
3 48 1
147 48 1
21 49 1
48 49 1
19 50 1
46 50 1
247 51 1
179 51 1
23 52 1
51 52 1
253 53 1
188 53 1
24 54 1
203 54 1
297 55 1
139 55 1
206 56 1
69 56 1
206 57 1
69 57 1
206 58 1
69 58 1
208 59 1
56 59 1
208 60 1
56 60 1
210 61 1
72 61 1
61 62 1
207 62 1
62 63 1
213 63 1
62 64 1
213 64 1
62 65 1
213 65 1
62 66 1
213 66 1
63 67 1
212 67 1
63 68 1
212 68 1
217 69 1
74 69 1
217 70 1
74 70 1
70 71 1
223 71 1
1 72 1
225 72 1
1 73 1
225 73 1
73 74 1
226 74 1
218 75 1
65 75 1
57 76 1
219 76 1
57 77 1
219 77 1
218 78 1
65 78 1
66 79 1
220 79 1
64 80 1
211 80 1
80 81 1
262 81 1
81 82 1
241 82 1
80 83 1
262 83 1
68 84 1
222 84 1
229 85 1
149 85 1
231 86 1
152 86 1
86 87 1
263 87 1
232 88 1
153 88 1
88 89 1
265 89 1
57 90 1
219 90 1
90 91 1
264 91 1
91 92 1
266 92 1
91 93 1
266 93 1
90 94 1
264 94 1
94 95 1
268 95 1
90 96 1
264 96 1
96 97 1
269 97 1
233 98 1
158 98 1
233 99 1
158 99 1
233 100 1
158 100 1
234 101 1
160 101 1
77 102 1
78 102 1
77 103 1
78 103 1
103 104 1
162 104 1
57 105 1
219 105 1
105 106 1
275 106 1
105 107 1
275 107 1
57 108 1
219 108 1
108 109 1
240 109 1
109 110 1
278 110 1
108 111 1
240 111 1
66 112 1
220 112 1
237 113 1
165 113 1
113 114 1
283 114 1
238 115 1
168 115 1
214 116 1
59 116 1
116 117 1
284 117 1
244 118 1
174 118 1
205 119 1
75 119 1
119 120 1
287 120 1
245 121 1
176 121 1
245 122 1
176 122 1
122 123 1
288 123 1
122 124 1
288 124 1
245 125 1
176 125 1
125 126 1
289 126 1
125 127 1
289 127 1
125 128 1
289 128 1
250 129 1
102 129 1
251 130 1
183 130 1
251 131 1
183 131 1
252 132 1
186 132 1
132 133 1
187 133 1
254 134 1
189 134 1
257 135 1
193 135 1
257 136 1
193 136 1
221 137 1
79 137 1
137 138 1
295 138 1
259 139 1
195 139 1
261 140 1
197 140 1
261 141 1
197 141 1
209 142 1
67 142 1
245 143 1
176 143 1
112 144 1
282 144 1
95 145 1
155 145 1
233 146 1
158 146 1
96 147 1
269 147 1
112 148 1
282 148 1
234 149 1
160 149 1
96 150 1
269 150 1
249 151 1
181 151 1
76 152 1
215 152 1
80 153 1
262 153 1
101 154 1
273 154 1
227 155 1
143 155 1
81 156 1
241 156 1
131 157 1
185 157 1
57 158 1
219 158 1
95 159 1
155 159 1
57 160 1
219 160 1
57 161 1
219 161 1
224 162 1
60 162 1
228 163 1
144 163 1
110 164 1
279 164 1
233 165 1
158 165 1
120 166 1
175 166 1
114 167 1
166 167 1
108 168 1
240 168 1
256 169 1
192 169 1
258 170 1
194 170 1
125 171 1
289 171 1
110 172 1
279 172 1
105 173 1
275 173 1
209 174 1
67 174 1
251 175 1
183 175 1
57 176 1
219 176 1
99 177 1
271 177 1
204 178 1
58 178 1
230 179 1
151 179 1
108 180 1
240 180 1
71 181 1
216 181 1
261 182 1
197 182 1
235 183 1
161 183 1
100 184 1
272 184 1
230 185 1
151 185 1
142 186 1
121 186 1
123 187 1
177 187 1
92 188 1
267 188 1
94 189 1
268 189 1
248 190 1
180 190 1
260 191 1
196 191 1
246 192 1
178 192 1
57 193 1
219 193 1
251 194 1
183 194 1
245 195 1
176 195 1
66 196 1
220 196 1
235 197 1
161 197 1
250 198 1
102 198 1
250 199 1
102 199 1
