     1   213   293   206   284     2   219   171    38     7   232     4    26   204   283    20    45   155    30    16   258    10    34   152    29    13    37    12    35   239   250    17    42    22    49    32    40    43    41    54    53    52    48     6    28    33    51
143 2 1
296 2 1
144 3 1
410 3 1
3 4 1
411 4 1
371 5 1
222 5 1
5 6 1
27 6 1
374 7 1
231 7 1
295 8 1
31 8 1
379 9 1
237 9 1
9 10 1
238 10 1
381 11 1
240 11 1
11 12 1
419 12 1
167 13 1
36 13 1
173 14 1
424 14 1
177 15 1
253 15 1
182 16 1
257 16 1
184 17 1
262 17 1
186 18 1
264 18 1
190 19 1
298 19 1
191 20 1
270 20 1
197 21 1
276 21 1
197 22 1
276 22 1
199 23 1
277 23 1
404 24 1
285 24 1
208 25 1
286 25 1
157 26 1
229 26 1
146 27 1
220 27 1
210 28 1
289 28 1
5 29 1
27 29 1
192 30 1
46 30 1
183 31 1
428 31 1
8 32 1
414 32 1
160 33 1
416 33 1
396 34 1
269 34 1
25 35 1
287 35 1
378 36 1
236 36 1
381 37 1
240 37 1
3 38 1
411 38 1
143 39 1
296 39 1
14 40 1
39 40 1
15 41 1
254 41 1
5 42 1
27 42 1
18 43 1
297 43 1
374 44 1
231 44 1
212 45 1
292 45 1
389 46 1
259 46 1
3 47 1
411 47 1
21 48 1
47 48 1
19 49 1
44 49 1
195 50 1
430 50 1
23 51 1
50 51 1
403 52 1
283 52 1
24 53 1
299 53 1
290 54 1
406 54 1
300 55 1
82 55 1
300 56 1
82 56 1
300 57 1
82 57 1
55 58 1
344 58 1
55 59 1
344 59 1
304 60 1
106 60 1
304 61 1
106 61 1
306 62 1
122 62 1
306 63 1
122 63 1
311 64 1
112 64 1
314 65 1
86 65 1
314 66 1
86 66 1
314 67 1
86 67 1
314 68 1
86 68 1
65 69 1
320 69 1
65 70 1
320 70 1
65 71 1
320 71 1
326 72 1
109 72 1
326 73 1
109 73 1
72 74 1
325 74 1
73 75 1
312 75 1
74 76 1
316 76 1
74 77 1
316 77 1
75 78 1
310 78 1
75 79 1
310 79 1
78 80 1
130 80 1
327 81 1
113 81 1
327 82 1
113 82 1
327 83 1
113 83 1
327 84 1
113 84 1
327 85 1
113 85 1
327 86 1
113 86 1
81 87 1
315 87 1
81 88 1
315 88 1
81 89 1
315 89 1
81 90 1
315 90 1
81 91 1
315 91 1
84 92 1
337 92 1
84 93 1
337 93 1
84 94 1
337 94 1
84 95 1
337 95 1
87 96 1
305 96 1
87 97 1
305 97 1
87 98 1
305 98 1
88 99 1
339 99 1
89 100 1
341 100 1
89 101 1
341 101 1
89 102 1
341 102 1
89 103 1
341 103 1
92 104 1
301 104 1
92 105 1
301 105 1
330 106 1
64 106 1
330 107 1
64 107 1
107 108 1
338 108 1
1 109 1
365 109 1
1 110 1
365 110 1
110 111 1
366 111 1
110 112 1
366 112 1
110 113 1
366 113 1
340 114 1
77 114 1
340 115 1
77 115 1
342 116 1
119 116 1
343 117 1
76 117 1
343 118 1
76 118 1
352 119 1
85 119 1
352 120 1
85 120 1
353 121 1
83 121 1
353 122 1
83 122 1
353 123 1
83 123 1
353 124 1
83 124 1
121 125 1
335 125 1
121 126 1
335 126 1
121 127 1
335 127 1
354 128 1
111 128 1
354 129 1
111 129 1
128 130 1
313 130 1
129 131 1
355 131 1
345 132 1
67 132 1
308 133 1
95 133 1
308 134 1
95 134 1
120 135 1
322 135 1
345 136 1
67 136 1
123 137 1
333 137 1
68 138 1
347 138 1
317 139 1
96 139 1
139 140 1
217 140 1
66 141 1
318 141 1
141 142 1
409 142 1
142 143 1
179 143 1
141 144 1
409 144 1
319 145 1
117 145 1
70 146 1
125 146 1
370 147 1
221 147 1
56 148 1
321 148 1
123 149 1
333 149 1
323 150 1
114 150 1
150 151 1
224 151 1
151 152 1
225 152 1
323 153 1
114 153 1
153 154 1
226 154 1
154 155 1
413 155 1
372 156 1
227 156 1
372 157 1
227 157 1
364 158 1
136 158 1
364 159 1
136 159 1
159 160 1
415 160 1
380 161 1
174 161 1
161 162 1
417 162 1
68 163 1
347 163 1
383 164 1
242 164 1
383 165 1
242 165 1
328 166 1
104 166 1
384 167 1
245 167 1
387 168 1
248 168 1
124 169 1
346 169 1
169 170 1
422 170 1
170 171 1
423 171 1
98 172 1
115 172 1
172 173 1
251 173 1
63 174 1
358 174 1
63 175 1
358 175 1
100 176 1
309 176 1
176 177 1
425 177 1
332 178 1
93 178 1
178 179 1
255 179 1
362 180 1
102 180 1
362 181 1
102 181 1
388 182 1
256 182 1
260 183 1
390 183 1
391 184 1
261 184 1
302 185 1
62 185 1
185 186 1
263 186 1
303 187 1
132 187 1
187 188 1
265 188 1
394 189 1
267 189 1
394 190 1
267 190 1
395 191 1
268 191 1
395 192 1
268 192 1
397 193 1
271 193 1
359 194 1
59 194 1
194 195 1
272 195 1
399 196 1
274 196 1
400 197 1
158 197 1
137 198 1
336 198 1
198 199 1
431 199 1
198 200 1
431 200 1
401 201 1
278 201 1
402 202 1
280 202 1
202 203 1
281 203 1
203 204 1
282 204 1
402 205 1
280 205 1
205 206 1
433 206 1
116 207 1
99 207 1
207 208 1
434 208 1
351 209 1
138 209 1
209 210 1
435 210 1
133 211 1
103 211 1
211 212 1
436 212 1
211 213 1
436 213 1
61 214 1
69 214 1
63 215 1
358 215 1
58 216 1
324 216 1
329 217 1
108 217 1
163 218 1
420 218 1
373 219 1
230 219 1
163 220 1
420 220 1
71 221 1
127 221 1
135 222 1
360 222 1
90 223 1
331 223 1
361 224 1
101 224 1
368 225 1
216 225 1
141 226 1
409 226 1
63 227 1
358 227 1
165 228 1
244 228 1
376 229 1
234 229 1
140 230 1
408 230 1
142 231 1
179 231 1
200 232 1
432 232 1
350 233 1
97 233 1
328 234 1
104 234 1
63 235 1
358 235 1
169 236 1
422 236 1
169 237 1
422 237 1
369 238 1
218 238 1
162 239 1
418 239 1
134 240 1
363 240 1
178 241 1
255 241 1
79 242 1
131 242 1
148 243 1
412 243 1
386 244 1
247 244 1
126 245 1
349 245 1
398 246 1
273 246 1
57 247 1
357 247 1
382 248 1
241 248 1
188 249 1
266 249 1
168 250 1
249 250 1
362 251 1
102 251 1
361 252 1
101 252 1
385 253 1
246 253 1
405 254 1
288 254 1
307 255 1
91 255 1
175 256 1
252 256 1
395 257 1
268 257 1
162 258 1
418 258 1
367 259 1
215 259 1
57 260 1
357 260 1
118 261 1
105 261 1
377 262 1
235 262 1
61 263 1
69 263 1
181 264 1
427 264 1
178 265 1
255 265 1
198 266 1
431 266 1
137 267 1
336 267 1
166 268 1
421 268 1
180 269 1
426 269 1
193 270 1
147 270 1
60 271 1
348 271 1
149 272 1
223 272 1
334 273 1
94 273 1
328 274 1
104 274 1
380 275 1
174 275 1
211 276 1
436 276 1
375 277 1
233 277 1
361 278 1
101 278 1
145 279 1
392 279 1
323 280 1
114 280 1
214 281 1
393 281 1
189 282 1
429 282 1
156 283 1
228 283 1
196 284 1
275 284 1
407 285 1
291 285 1
139 286 1
217 286 1
201 287 1
279 287 1
198 288 1
431 288 1
164 289 1
243 289 1
437 290 1
294 290 1
68 291 1
347 291 1
400 292 1
158 292 1
400 293 1
158 293 1
356 294 1
80 294 1
