     1   146   152   153   157   162   168   172   175   177   184   191   193   197   199   202   211   213   217   222   226   228   229   230   234   235   242   249   250   259   262   270   286   293   296   304   305   308   309   310   311   312   316   317   318   319   320   321   322   323   329   330   331   335   337   339   345   346   348   349   353   354   357   365   366   367   370   374   378   382   383   384   385   387   394   395   396   397   398   404   405   413   414   415   420   430
432 2 1
38 2 1
432 3 1
38 3 1
432 4 1
38 4 1
432 5 1
38 5 1
432 6 1
38 6 1
432 7 1
38 7 1
432 8 1
38 8 1
433 9 1
59 9 1
433 10 1
59 10 1
434 11 1
60 11 1
435 12 1
107 12 1
435 13 1
107 13 1
2 14 1
491 14 1
2 15 1
491 15 1
2 16 1
491 16 1
2 17 1
491 17 1
3 18 1
510 18 1
3 19 1
510 19 1
3 20 1
510 20 1
3 21 1
510 21 1
7 22 1
494 22 1
7 23 1
494 23 1
7 24 1
494 24 1
441 25 1
111 25 1
441 26 1
111 26 1
442 27 1
128 27 1
442 28 1
128 28 1
27 29 1
98 29 1
28 30 1
446 30 1
1 31 1
504 31 1
1 32 1
504 32 1
1 33 1
504 33 1
1 34 1
504 34 1
33 35 1
505 35 1
33 36 1
505 36 1
33 37 1
516 37 1
33 38 1
516 38 1
33 39 1
516 39 1
33 40 1
516 40 1
33 41 1
516 41 1
37 42 1
487 42 1
37 43 1
487 43 1
37 44 1
481 44 1
37 45 1
481 45 1
37 46 1
481 46 1
37 47 1
481 47 1
41 48 1
470 48 1
41 49 1
470 49 1
41 50 1
470 50 1
41 51 1
470 51 1
41 52 1
470 52 1
44 53 1
502 53 1
44 54 1
502 54 1
45 55 1
501 55 1
45 56 1
501 56 1
444 57 1
90 57 1
445 58 1
91 58 1
447 59 1
63 59 1
447 60 1
63 60 1
448 61 1
64 61 1
61 62 1
6 62 1
449 63 1
34 63 1
449 64 1
34 64 1
449 65 1
34 65 1
65 66 1
459 66 1
65 67 1
459 67 1
65 68 1
459 68 1
65 69 1
459 69 1
66 70 1
453 70 1
451 71 1
35 71 1
451 72 1
35 72 1
451 73 1
35 73 1
451 74 1
35 74 1
451 75 1
35 75 1
71 76 1
489 76 1
71 77 1
489 77 1
72 78 1
512 78 1
72 79 1
512 79 1
75 80 1
507 80 1
452 81 1
114 81 1
452 82 1
114 82 1
456 83 1
108 83 1
460 84 1
74 84 1
461 85 1
42 85 1
461 86 1
42 86 1
461 87 1
42 87 1
463 88 1
5 88 1
463 89 1
5 89 1
469 90 1
36 90 1
469 91 1
36 91 1
482 92 1
113 92 1
482 93 1
113 93 1
482 94 1
113 94 1
482 95 1
113 95 1
482 96 1
113 96 1
483 97 1
31 97 1
97 98 1
509 98 1
97 99 1
509 99 1
97 100 1
509 100 1
99 101 1
506 101 1
100 102 1
439 102 1
484 103 1
43 103 1
484 104 1
43 104 1
485 105 1
40 105 1
485 106 1
40 106 1
485 107 1
40 107 1
485 108 1
40 108 1
485 109 1
40 109 1
485 110 1
40 110 1
486 111 1
39 111 1
486 112 1
39 112 1
486 113 1
39 113 1
486 114 1
39 114 1
486 115 1
39 115 1
486 116 1
39 116 1
488 117 1
73 117 1
490 118 1
4 118 1
490 119 1
4 119 1
105 120 1
500 120 1
105 121 1
500 121 1
105 122 1
431 122 1
105 123 1
431 123 1
105 124 1
431 124 1
106 125 1
457 125 1
106 126 1
457 126 1
115 127 1
475 127 1
508 128 1
32 128 1
511 129 1
112 129 1
511 130 1
112 130 1
511 131 1
112 131 1
511 132 1
112 132 1
116 133 1
67 133 1
116 134 1
67 134 1
50 135 1
497 135 1
51 136 1
464 136 1
513 137 1
11 137 1
513 138 1
11 138 1
138 139 1
289 139 1
76 140 1
85 140 1
76 141 1
85 141 1
101 142 1
478 142 1
142 143 1
268 143 1
143 144 1
291 144 1
527 145 1
294 145 1
145 146 1
295 146 1
77 147 1
125 147 1
147 148 1
297 148 1
148 149 1
298 149 1
30 150 1
455 150 1
528 151 1
301 151 1
529 152 1
303 152 1
152 153 1
555 153 1
479 154 1
78 154 1
154 155 1
556 155 1
155 156 1
306 156 1
156 157 1
307 157 1
530 158 1
313 158 1
531 159 1
315 159 1
557 160 1
159 160 1
531 161 1
315 161 1
161 162 1
559 162 1
495 163 1
69 163 1
163 164 1
561 164 1
68 165 1
496 165 1
101 166 1
478 166 1
535 167 1
327 167 1
167 168 1
328 168 1
101 169 1
478 169 1
537 170 1
332 170 1
537 171 1
332 171 1
537 172 1
332 172 1
57 173 1
14 173 1
58 174 1
103 174 1
538 175 1
336 175 1
174 176 1
566 176 1
176 177 1
338 177 1
87 178 1
499 178 1
54 179 1
438 179 1
179 180 1
341 180 1
539 181 1
342 181 1
181 182 1
164 182 1
182 183 1
343 183 1
183 184 1
344 184 1
47 185 1
465 185 1
185 186 1
568 186 1
186 187 1
569 187 1
47 188 1
465 188 1
47 189 1
465 189 1
189 190 1
571 190 1
190 191 1
572 191 1
189 192 1
571 192 1
192 193 1
573 193 1
16 194 1
134 194 1
194 195 1
574 195 1
194 196 1
574 196 1
16 197 1
134 197 1
197 198 1
575 198 1
198 199 1
526 199 1
197 200 1
575 200 1
541 201 1
355 201 1
201 202 1
356 202 1
18 203 1
476 203 1
203 204 1
358 204 1
204 205 1
359 205 1
19 206 1
458 206 1
118 207 1
474 207 1
118 208 1
474 208 1
542 209 1
362 209 1
209 210 1
363 210 1
210 211 1
364 211 1
544 212 1
368 212 1
212 213 1
369 213 1
119 214 1
95 214 1
214 215 1
371 215 1
214 216 1
371 216 1
216 217 1
373 217 1
119 218 1
95 218 1
218 219 1
375 219 1
62 220 1
10 220 1
220 221 1
376 221 1
221 222 1
377 222 1
22 223 1
440 223 1
23 224 1
472 224 1
224 225 1
579 225 1
225 226 1
380 226 1
23 227 1
472 227 1
23 228 1
472 228 1
228 229 1
382 229 1
229 230 1
580 230 1
8 231 1
443 231 1
231 232 1
581 232 1
232 233 1
582 233 1
233 234 1
583 234 1
545 235 1
386 235 1
514 236 1
13 236 1
492 237 1
129 237 1
237 238 1
389 238 1
238 239 1
390 239 1
130 240 1
56 240 1
240 241 1
392 241 1
241 242 1
393 242 1
131 243 1
55 243 1
243 244 1
399 244 1
524 245 1
132 245 1
92 246 1
436 246 1
518 247 1
96 247 1
247 248 1
585 248 1
248 249 1
403 249 1
248 250 1
403 250 1
81 251 1
480 251 1
81 252 1
480 252 1
133 253 1
515 253 1
120 254 1
467 254 1
466 255 1
121 255 1
255 256 1
207 256 1
122 257 1
520 257 1
257 258 1
587 258 1
258 259 1
412 259 1
122 260 1
520 260 1
260 261 1
588 261 1
261 262 1
589 262 1
123 263 1
521 263 1
263 264 1
590 264 1
123 265 1
521 265 1
265 266 1
591 266 1
123 267 1
521 267 1
126 268 1
89 268 1
549 269 1
417 269 1
126 270 1
89 270 1
12 271 1
454 271 1
271 272 1
595 272 1
109 273 1
473 273 1
273 274 1
596 274 1
274 275 1
597 275 1
110 276 1
519 276 1
276 277 1
422 277 1
277 278 1
423 278 1
48 279 1
473 279 1
50 280 1
497 280 1
136 281 1
468 281 1
136 282 1
468 282 1
52 283 1
450 283 1
283 284 1
601 284 1
284 285 1
428 285 1
285 286 1
429 286 1
283 287 1
601 287 1
93 288 1
104 288 1
276 289 1
422 289 1
267 290 1
593 290 1
253 291 1
408 291 1
219 292 1
578 292 1
144 293 1
292 293 1
47 294 1
465 294 1
24 295 1
135 295 1
550 296 1
418 296 1
84 297 1
88 297 1
251 298 1
586 298 1
248 299 1
403 299 1
471 300 1
94 300 1
70 301 1
503 301 1
150 302 1
300 302 1
62 303 1
10 303 1
215 304 1
372 304 1
160 305 1
558 305 1
142 306 1
268 306 1
151 307 1
302 307 1
239 308 1
391 308 1
157 309 1
308 309 1
157 310 1
308 310 1
157 311 1
308 311 1
157 312 1
308 312 1
165 313 1
562 313 1
281 314 1
426 314 1
47 315 1
465 315 1
170 316 1
333 316 1
162 317 1
560 317 1
162 318 1
560 318 1
162 319 1
560 319 1
162 320 1
560 320 1
162 321 1
560 321 1
162 322 1
560 322 1
162 323 1
560 323 1
534 324 1
326 324 1
437 325 1
21 325 1
47 326 1
465 326 1
166 327 1
563 327 1
238 328 1
390 328 1
200 329 1
576 329 1
536 330 1
329 330 1
536 331 1
329 331 1
23 332 1
472 332 1
173 333 1
565 333 1
186 334 1
569 334 1
532 335 1
324 335 1
270 336 1
594 336 1
158 337 1
314 337 1
214 338 1
371 338 1
238 339 1
390 339 1
16 340 1
134 340 1
523 341 1
127 341 1
46 342 1
462 342 1
549 343 1
417 343 1
171 344 1
334 344 1
183 345 1
344 345 1
264 346 1
416 346 1
194 347 1
574 347 1
187 348 1
347 348 1
546 349 1
388 349 1
52 350 1
450 350 1
236 351 1
584 351 1
227 352 1
381 352 1
169 353 1
564 353 1
149 354 1
299 354 1
280 355 1
600 355 1
223 356 1
379 356 1
205 357 1
360 357 1
92 358 1
436 358 1
140 359 1
553 359 1
256 360 1
410 360 1
29 361 1
117 361 1
279 362 1
599 362 1
246 363 1
402 363 1
195 364 1
351 364 1
266 365 1
592 365 1
543 366 1
365 366 1
543 367 1
365 367 1
124 368 1
522 368 1
287 369 1
602 369 1
272 370 1
421 370 1
493 371 1
17 371 1
252 372 1
406 372 1
137 373 1
288 373 1
180 374 1
567 374 1
276 375 1
422 375 1
498 376 1
102 376 1
533 377 1
325 377 1
598 378 1
275 378 1
119 379 1
95 379 1
243 380 1
399 380 1
79 381 1
9 381 1
62 382 1
10 382 1
238 383 1
390 383 1
261 384 1
589 384 1
269 385 1
419 385 1
206 386 1
577 386 1
196 387 1
352 387 1
206 388 1
577 388 1
84 389 1
88 389 1
208 390 1
361 390 1
278 391 1
424 391 1
84 392 1
88 392 1
245 393 1
401 393 1
538 394 1
336 394 1
242 395 1
394 395 1
242 396 1
394 396 1
242 397 1
394 397 1
242 398 1
394 398 1
79 399 1
9 399 1
178 400 1
340 400 1
80 401 1
26 401 1
551 402 1
425 402 1
277 403 1
423 403 1
282 404 1
427 404 1
532 405 1
324 405 1
15 406 1
53 406 1
82 407 1
517 407 1
86 408 1
25 408 1
29 409 1
117 409 1
141 410 1
554 410 1
570 411 1
188 411 1
197 412 1
575 412 1
139 413 1
552 413 1
525 414 1
290 414 1
262 415 1
414 415 1
548 416 1
411 416 1
126 417 1
89 417 1
540 418 1
350 418 1
137 419 1
288 419 1
203 420 1
358 420 1
145 421 1
295 421 1
50 422 1
497 422 1
493 423 1
17 423 1
254 424 1
409 424 1
49 425 1
477 425 1
20 426 1
83 426 1
534 427 1
326 427 1
531 428 1
315 428 1
547 429 1
407 429 1
244 430 1
400 430 1
