     1   190   257   178   249     2   194   138    35     6   205     3    25   176   248    19    42   119    28    15   230     9    32   118    27    12    34    11    33   213   220    16    39    21    46    30    37    40    38    51    50    49    45     5    26    31    48
114 2 1
260 2 1
258 3 1
195 3 1
117 4 1
349 4 1
4 5 1
261 5 1
124 6 1
204 6 1
259 7 1
29 7 1
128 8 1
210 8 1
8 9 1
211 9 1
329 10 1
214 10 1
10 11 1
215 11 1
132 12 1
262 12 1
140 13 1
224 13 1
143 14 1
358 14 1
148 15 1
229 15 1
153 16 1
364 16 1
154 17 1
365 17 1
159 18 1
264 18 1
161 19 1
238 19 1
168 20 1
244 20 1
168 21 1
244 21 1
170 22 1
245 22 1
343 23 1
250 23 1
181 24 1
252 24 1
121 25 1
201 25 1
183 26 1
377 26 1
4 27 1
261 27 1
162 28 1
43 28 1
151 29 1
231 29 1
7 30 1
352 30 1
127 31 1
353 31 1
160 32 1
237 32 1
24 33 1
253 33 1
329 34 1
214 34 1
258 35 1
195 35 1
114 36 1
260 36 1
13 37 1
36 37 1
14 38 1
226 38 1
4 39 1
261 39 1
17 40 1
263 40 1
124 41 1
204 41 1
189 42 1
256 42 1
149 43 1
361 43 1
258 44 1
195 44 1
20 45 1
44 45 1
18 46 1
41 46 1
165 47 1
368 47 1
22 48 1
47 48 1
176 49 1
248 49 1
23 50 1
265 50 1
380 51 1
186 51 1
267 52 1
61 52 1
267 53 1
61 53 1
267 54 1
61 54 1
267 55 1
61 55 1
268 56 1
88 56 1
268 57 1
88 57 1
52 58 1
301 58 1
52 59 1
301 59 1
271 60 1
1 60 1
271 61 1
1 61 1
271 62 1
1 62 1
271 63 1
1 63 1
271 64 1
1 64 1
60 65 1
299 65 1
60 66 1
295 66 1
60 67 1
295 67 1
60 68 1
295 68 1
60 69 1
295 69 1
64 70 1
289 70 1
64 71 1
289 71 1
64 72 1
289 72 1
64 73 1
289 73 1
66 74 1
307 74 1
67 75 1
269 75 1
67 76 1
269 76 1
275 77 1
92 77 1
275 78 1
92 78 1
279 79 1
65 79 1
279 80 1
65 80 1
279 81 1
65 81 1
279 82 1
65 82 1
281 83 1
54 83 1
296 84 1
91 84 1
296 85 1
91 85 1
297 86 1
63 86 1
297 87 1
63 87 1
297 88 1
63 88 1
297 89 1
63 89 1
298 90 1
62 90 1
298 91 1
62 91 1
298 92 1
62 92 1
298 93 1
62 93 1
298 94 1
62 94 1
300 95 1
53 95 1
300 96 1
53 96 1
86 97 1
306 97 1
86 98 1
266 98 1
87 99 1
278 99 1
93 100 1
293 100 1
93 101 1
293 101 1
93 102 1
293 102 1
308 103 1
90 103 1
94 104 1
273 104 1
69 105 1
284 105 1
72 106 1
282 106 1
72 107 1
282 107 1
94 108 1
273 108 1
71 109 1
304 109 1
315 110 1
100 110 1
276 111 1
79 111 1
111 112 1
346 112 1
111 113 1
346 113 1
317 114 1
144 114 1
277 115 1
99 115 1
290 116 1
80 116 1
116 117 1
348 117 1
320 118 1
197 118 1
321 119 1
199 119 1
323 120 1
200 120 1
323 121 1
200 121 1
322 122 1
198 122 1
122 123 1
351 123 1
324 124 1
203 124 1
312 125 1
108 125 1
312 126 1
108 126 1
126 127 1
208 127 1
327 128 1
209 128 1
328 129 1
141 129 1
129 130 1
212 130 1
331 131 1
217 131 1
131 132 1
355 132 1
272 133 1
58 133 1
272 134 1
58 134 1
134 135 1
357 135 1
135 136 1
218 136 1
332 137 1
221 137 1
137 138 1
222 138 1
82 139 1
305 139 1
139 140 1
223 140 1
74 141 1
103 141 1
286 142 1
75 142 1
142 143 1
225 143 1
333 144 1
227 144 1
105 145 1
287 145 1
69 146 1
284 146 1
146 147 1
359 147 1
147 148 1
360 148 1
146 149 1
359 149 1
69 150 1
284 150 1
362 151 1
150 151 1
69 152 1
284 152 1
152 153 1
363 153 1
334 154 1
232 154 1
59 155 1
104 155 1
155 156 1
233 156 1
95 157 1
292 157 1
95 158 1
292 158 1
336 159 1
235 159 1
337 160 1
236 160 1
337 161 1
236 161 1
337 162 1
236 162 1
338 163 1
239 163 1
309 164 1
57 164 1
164 165 1
367 165 1
302 166 1
84 166 1
166 167 1
242 167 1
341 168 1
125 168 1
313 169 1
85 169 1
169 170 1
369 170 1
169 171 1
369 171 1
77 172 1
294 172 1
172 173 1
371 173 1
77 174 1
294 174 1
342 175 1
247 175 1
175 176 1
373 176 1
174 177 1
372 177 1
177 178 1
374 178 1
101 179 1
316 179 1
97 180 1
285 180 1
180 181 1
375 181 1
98 182 1
314 182 1
182 183 1
376 183 1
89 184 1
291 184 1
184 185 1
378 185 1
185 186 1
379 186 1
71 187 1
304 187 1
106 188 1
288 188 1
188 189 1
382 189 1
188 190 1
382 190 1
73 191 1
274 191 1
56 192 1
78 192 1
158 193 1
366 193 1
123 194 1
202 194 1
324 195 1
203 195 1
69 196 1
284 196 1
110 197 1
192 197 1
95 198 1
292 198 1
163 199 1
319 199 1
74 200 1
103 200 1
326 201 1
207 201 1
112 202 1
193 202 1
318 203 1
196 203 1
317 204 1
144 204 1
171 205 1
370 205 1
96 206 1
81 206 1
283 207 1
83 207 1
310 208 1
76 208 1
74 209 1
103 209 1
332 210 1
221 210 1
113 211 1
347 211 1
133 212 1
356 212 1
130 213 1
354 213 1
107 214 1
311 214 1
339 215 1
240 215 1
333 216 1
227 216 1
69 217 1
284 217 1
330 218 1
216 218 1
156 219 1
234 219 1
136 220 1
219 220 1
82 221 1
305 221 1
328 222 1
141 222 1
105 223 1
287 223 1
179 224 1
251 224 1
331 225 1
217 225 1
344 226 1
254 226 1
68 227 1
280 227 1
184 228 1
378 228 1
337 229 1
236 229 1
130 230 1
354 230 1
102 231 1
109 231 1
73 232 1
274 232 1
333 233 1
227 233 1
169 234 1
369 234 1
313 235 1
85 235 1
331 236 1
217 236 1
145 237 1
228 237 1
163 238 1
319 238 1
70 239 1
303 239 1
345 240 1
255 240 1
55 241 1
270 241 1
283 242 1
83 242 1
328 243 1
141 243 1
188 244 1
382 244 1
325 245 1
206 245 1
115 246 1
157 246 1
191 247 1
335 247 1
120 248 1
350 248 1
167 249 1
243 249 1
187 250 1
381 250 1
340 251 1
241 251 1
111 252 1
346 252 1
173 253 1
246 253 1
169 254 1
369 254 1
69 255 1
284 255 1
341 256 1
125 256 1
341 257 1
125 257 1
