     1   111   220   221   222    78   188   189   190    93   206   143   262   263    71   171   172   173   174   175   133   243   244   245   246   247    76   177   178   179   180   181   182   183   184   123   233   124   234    69   169   105   217   103   215   128   235    68   168   122   232   129   237   156   277    95   210    97   211    87   199    86   197   116   228   120    63   162    83   195   138   254   137   253   115   226   148   270   141   259   101   214
278 2 1
1 2 1
278 3 1
1 3 1
278 4 1
1 4 1
2 5 1
292 5 1
2 6 1
292 6 1
2 7 1
292 7 1
3 8 1
281 8 1
5 9 1
288 9 1
6 10 1
301 10 1
6 11 1
301 11 1
6 12 1
301 12 1
7 13 1
283 13 1
7 14 1
283 14 1
7 15 1
283 15 1
7 16 1
283 16 1
7 17 1
283 17 1
7 18 1
283 18 1
7 19 1
283 19 1
8 20 1
304 20 1
8 21 1
304 21 1
8 22 1
304 22 1
9 23 1
289 23 1
9 24 1
289 24 1
9 25 1
289 25 1
10 26 1
290 26 1
11 27 1
316 27 1
13 28 1
313 28 1
13 29 1
313 29 1
13 30 1
313 30 1
13 31 1
313 31 1
14 32 1
326 32 1
14 33 1
326 33 1
18 34 1
319 34 1
18 35 1
319 35 1
18 36 1
319 36 1
291 37 1
17 37 1
293 38 1
4 38 1
300 39 1
38 39 1
300 40 1
38 40 1
300 41 1
38 41 1
300 42 1
38 42 1
300 43 1
38 43 1
300 44 1
38 44 1
39 45 1
284 45 1
39 46 1
284 46 1
39 47 1
284 47 1
40 48 1
314 48 1
41 49 1
315 49 1
41 50 1
315 50 1
302 51 1
16 51 1
302 52 1
16 52 1
312 53 1
15 53 1
312 54 1
15 54 1
42 55 1
320 55 1
42 56 1
320 56 1
328 57 1
26 57 1
328 58 1
26 58 1
58 59 1
377 59 1
333 60 1
158 60 1
60 61 1
159 61 1
294 62 1
45 62 1
337 63 1
161 63 1
338 64 1
163 64 1
64 65 1
164 65 1
43 66 1
306 66 1
166 67 1
66 67 1
67 68 1
167 68 1
68 69 1
380 69 1
339 70 1
170 70 1
70 71 1
381 71 1
296 72 1
24 72 1
72 73 1
382 73 1
383 74 1
73 74 1
72 75 1
382 75 1
75 76 1
385 76 1
303 77 1
51 77 1
344 78 1
187 78 1
20 79 1
307 79 1
346 80 1
192 80 1
80 81 1
193 81 1
80 82 1
193 82 1
80 83 1
193 83 1
346 84 1
192 84 1
287 85 1
28 85 1
347 86 1
196 86 1
348 87 1
198 87 1
47 88 1
321 88 1
349 89 1
201 89 1
350 90 1
203 90 1
90 91 1
341 91 1
91 92 1
204 92 1
92 93 1
205 93 1
353 94 1
209 94 1
94 95 1
390 95 1
353 96 1
209 96 1
96 97 1
391 97 1
29 98 1
286 98 1
30 99 1
329 99 1
99 100 1
212 100 1
30 101 1
329 101 1
101 102 1
214 102 1
102 103 1
334 103 1
101 104 1
214 104 1
354 105 1
216 105 1
355 106 1
218 106 1
106 107 1
394 107 1
32 108 1
298 108 1
53 109 1
309 109 1
356 110 1
219 110 1
110 111 1
398 111 1
54 112 1
311 112 1
112 113 1
223 113 1
112 114 1
223 114 1
114 115 1
225 115 1
357 116 1
227 116 1
34 117 1
280 117 1
35 118 1
308 118 1
118 119 1
400 119 1
119 120 1
230 120 1
35 121 1
308 121 1
35 122 1
308 122 1
122 123 1
232 123 1
123 124 1
401 124 1
19 125 1
282 125 1
125 126 1
402 126 1
126 127 1
403 127 1
127 128 1
404 128 1
358 129 1
236 129 1
360 130 1
239 130 1
130 131 1
240 131 1
361 132 1
242 132 1
132 133 1
405 133 1
362 134 1
248 134 1
363 135 1
250 135 1
310 136 1
21 136 1
364 137 1
252 137 1
364 138 1
252 138 1
56 139 1
325 139 1
322 140 1
48 140 1
368 141 1
258 141 1
369 142 1
260 142 1
142 143 1
261 143 1
371 144 1
265 144 1
323 145 1
52 145 1
372 146 1
267 146 1
372 147 1
267 147 1
323 148 1
52 148 1
27 149 1
297 149 1
409 150 1
149 150 1
373 151 1
271 151 1
151 152 1
272 152 1
374 153 1
273 153 1
332 154 1
50 154 1
332 155 1
50 155 1
375 156 1
276 156 1
106 157 1
394 157 1
79 158 1
191 158 1
112 159 1
223 159 1
295 160 1
23 160 1
36 161 1
330 161 1
146 162 1
268 162 1
303 163 1
51 163 1
365 164 1
255 164 1
364 165 1
252 165 1
12 166 1
327 166 1
37 167 1
25 167 1
113 168 1
224 168 1
74 169 1
384 169 1
335 170 1
145 170 1
131 171 1
241 171 1
71 172 1
171 172 1
71 173 1
171 173 1
71 174 1
171 174 1
71 175 1
171 175 1
154 176 1
275 176 1
81 177 1
194 177 1
76 178 1
177 178 1
76 179 1
177 179 1
76 180 1
177 180 1
76 181 1
177 181 1
76 182 1
177 182 1
76 183 1
177 183 1
76 184 1
177 184 1
77 185 1
386 185 1
22 186 1
279 186 1
130 187 1
240 187 1
104 188 1
393 188 1
345 189 1
188 189 1
345 190 1
188 190 1
12 191 1
327 191 1
20 192 1
317 192 1
35 193 1
308 193 1
85 194 1
389 194 1
342 195 1
185 195 1
148 196 1
270 196 1
340 197 1
176 197 1
112 198 1
223 198 1
130 199 1
240 199 1
30 200 1
329 200 1
55 201 1
324 201 1
84 202 1
388 202 1
285 203 1
44 203 1
372 204 1
267 204 1
82 205 1
387 205 1
370 206 1
264 206 1
99 207 1
212 207 1
12 208 1
327 208 1
323 209 1
52 209 1
351 210 1
207 210 1
359 211 1
238 211 1
79 212 1
191 212 1
121 213 1
231 213 1
346 214 1
192 214 1
65 215 1
165 215 1
117 216 1
229 216 1
107 217 1
395 217 1
310 218 1
21 218 1
136 219 1
406 219 1
144 220 1
266 220 1
111 221 1
399 221 1
111 222 1
399 222 1
318 223 1
31 223 1
366 224 1
256 224 1
57 225 1
376 225 1
89 226 1
202 226 1
343 227 1
186 227 1
411 228 1
152 228 1
54 229 1
311 229 1
362 230 1
248 230 1
296 231 1
24 231 1
37 232 1
25 232 1
130 233 1
240 233 1
142 234 1
261 234 1
147 235 1
269 235 1
108 236 1
396 236 1
100 237 1
213 237 1
108 238 1
396 238 1
303 239 1
51 239 1
109 240 1
397 240 1
153 241 1
274 241 1
303 242 1
51 242 1
347 243 1
196 243 1
133 244 1
243 244 1
133 245 1
243 245 1
133 246 1
243 246 1
133 247 1
243 247 1
296 248 1
24 248 1
88 249 1
200 249 1
303 250 1
51 250 1
336 251 1
160 251 1
374 252 1
273 252 1
155 253 1
412 253 1
342 254 1
185 254 1
331 255 1
49 255 1
29 256 1
286 256 1
208 257 1
352 257 1
101 258 1
214 258 1
59 259 1
157 259 1
62 260 1
379 260 1
150 261 1
410 261 1
61 262 1
378 262 1
143 263 1
262 263 1
367 264 1
257 264 1
372 265 1
267 265 1
135 266 1
251 266 1
323 267 1
52 267 1
98 268 1
392 268 1
57 269 1
376 269 1
355 270 1
218 270 1
305 271 1
46 271 1
109 272 1
397 272 1
318 273 1
31 273 1
140 274 1
408 274 1
33 275 1
299 275 1
139 276 1
407 276 1
134 277 1
249 277 1
