     1    66    69    70    72    77    79    86    88    89    96    98   100   104   106   108   114   115   118   121   125   127   128   129   133   134   137   142   143   145   147   151   161   166   168   172   173   175   176   177   178   179   181   182   183   184   185   186   187   188   192   193   194   199   201   203   208   209   213   214   217   218   220   223   224   225   227   229   232   236   237   238   239   241   247   248   249   250   251   255   256   260   263   264   270   277
1 2 1
329 2 1
1 3 1
329 3 1
1 4 1
329 4 1
1 5 1
333 5 1
2 6 1
295 6 1
2 7 1
295 7 1
2 8 1
295 8 1
3 9 1
282 9 1
5 10 1
303 10 1
5 11 1
303 11 1
6 12 1
291 12 1
7 13 1
305 13 1
7 14 1
305 14 1
7 15 1
305 15 1
8 16 1
285 16 1
8 17 1
285 17 1
8 18 1
285 18 1
8 19 1
285 19 1
8 20 1
285 20 1
8 21 1
285 21 1
8 22 1
285 22 1
9 23 1
309 23 1
9 24 1
309 24 1
9 25 1
309 25 1
11 26 1
307 26 1
12 27 1
292 27 1
12 28 1
292 28 1
13 29 1
293 29 1
14 30 1
322 30 1
14 31 1
322 31 1
16 32 1
320 32 1
16 33 1
320 33 1
16 34 1
320 34 1
17 35 1
330 35 1
17 36 1
330 36 1
21 37 1
324 37 1
21 38 1
324 38 1
21 39 1
324 39 1
294 40 1
20 40 1
296 41 1
4 41 1
304 42 1
41 42 1
304 43 1
41 43 1
304 44 1
41 44 1
304 45 1
41 45 1
304 46 1
41 46 1
42 47 1
286 47 1
42 48 1
286 48 1
42 49 1
286 49 1
42 50 1
286 50 1
43 51 1
321 51 1
306 52 1
19 52 1
306 53 1
19 53 1
318 54 1
10 54 1
318 55 1
10 55 1
319 56 1
18 56 1
319 57 1
18 57 1
44 58 1
325 58 1
332 59 1
29 59 1
332 60 1
29 60 1
60 61 1
383 61 1
337 62 1
163 62 1
297 63 1
47 63 1
339 64 1
148 64 1
64 65 1
164 65 1
340 66 1
167 66 1
45 67 1
311 67 1
170 68 1
67 68 1
68 69 1
171 69 1
69 70 1
172 70 1
342 71 1
174 71 1
71 72 1
386 72 1
298 73 1
27 73 1
73 74 1
387 74 1
388 75 1
74 75 1
73 76 1
387 76 1
76 77 1
390 77 1
308 78 1
52 78 1
348 79 1
191 79 1
23 80 1
312 80 1
23 81 1
323 81 1
81 82 1
392 82 1
350 83 1
196 83 1
83 84 1
197 84 1
83 85 1
197 85 1
83 86 1
197 86 1
290 87 1
32 87 1
351 88 1
200 88 1
352 89 1
202 89 1
50 90 1
326 90 1
289 91 1
26 91 1
91 92 1
396 92 1
353 93 1
205 93 1
93 94 1
345 94 1
94 95 1
206 95 1
95 96 1
207 96 1
356 97 1
212 97 1
97 98 1
398 98 1
356 99 1
212 99 1
99 100 1
399 100 1
33 101 1
288 101 1
34 102 1
334 102 1
102 103 1
215 103 1
34 104 1
334 104 1
104 105 1
217 105 1
105 106 1
338 106 1
104 107 1
217 107 1
357 108 1
219 108 1
358 109 1
221 109 1
109 110 1
402 110 1
35 111 1
301 111 1
56 112 1
314 112 1
359 113 1
222 113 1
113 114 1
406 114 1
360 115 1
226 115 1
361 116 1
228 116 1
361 117 1
228 117 1
117 118 1
408 118 1
57 119 1
317 119 1
119 120 1
409 120 1
362 121 1
231 121 1
37 122 1
281 122 1
38 123 1
313 123 1
123 124 1
410 124 1
124 125 1
234 125 1
38 126 1
313 126 1
38 127 1
313 127 1
127 128 1
236 128 1
128 129 1
411 129 1
22 130 1
284 130 1
130 131 1
412 131 1
131 132 1
413 132 1
132 133 1
414 133 1
363 134 1
240 134 1
365 135 1
243 135 1
367 136 1
246 136 1
136 137 1
415 137 1
368 138 1
252 138 1
54 139 1
315 139 1
139 140 1
416 140 1
316 141 1
24 141 1
369 142 1
254 142 1
369 143 1
254 143 1
58 144 1
328 144 1
372 145 1
259 145 1
373 146 1
261 146 1
146 147 1
262 147 1
327 148 1
53 148 1
377 149 1
267 149 1
377 150 1
267 150 1
327 151 1
53 151 1
30 152 1
299 152 1
420 153 1
152 153 1
31 154 1
300 154 1
154 155 1
422 155 1
378 156 1
272 156 1
156 157 1
273 157 1
379 158 1
274 158 1
336 159 1
51 159 1
336 160 1
51 160 1
380 161 1
276 161 1
109 162 1
402 162 1
361 163 1
228 163 1
370 164 1
257 164 1
120 165 1
230 165 1
65 166 1
165 166 1
39 167 1
335 167 1
149 168 1
268 168 1
369 169 1
254 169 1
15 170 1
331 170 1
40 171 1
28 171 1
116 172 1
407 172 1
75 173 1
389 173 1
339 174 1
148 174 1
366 175 1
245 175 1
343 176 1
175 176 1
343 177 1
175 177 1
343 178 1
175 178 1
343 179 1
175 179 1
159 180 1
275 180 1
84 181 1
198 181 1
77 182 1
181 182 1
77 183 1
181 183 1
77 184 1
181 184 1
77 185 1
181 185 1
77 186 1
181 186 1
77 187 1
181 187 1
77 188 1
181 188 1
78 189 1
391 189 1
25 190 1
280 190 1
135 191 1
244 191 1
107 192 1
401 192 1
349 193 1
192 193 1
349 194 1
192 194 1
15 195 1
331 195 1
23 196 1
323 196 1
38 197 1
313 197 1
87 198 1
395 198 1
346 199 1
189 199 1
151 200 1
270 200 1
344 201 1
180 201 1
361 202 1
228 202 1
135 203 1
244 203 1
34 204 1
334 204 1
287 205 1
46 205 1
377 206 1
267 206 1
85 207 1
394 207 1
95 208 1
207 208 1
375 209 1
265 209 1
102 210 1
215 210 1
15 211 1
331 211 1
327 212 1
53 212 1
354 213 1
210 213 1
364 214 1
242 214 1
80 215 1
195 215 1
126 216 1
235 216 1
350 217 1
196 217 1
341 218 1
169 218 1
122 219 1
233 219 1
110 220 1
403 220 1
316 221 1
24 221 1
141 222 1
418 222 1
376 223 1
266 223 1
114 224 1
223 224 1
114 225 1
223 225 1
381 226 1
278 226 1
155 227 1
271 227 1
55 228 1
279 228 1
92 229 1
397 229 1
82 230 1
393 230 1
347 231 1
190 231 1
423 232 1
157 232 1
57 233 1
317 233 1
368 234 1
252 234 1
298 235 1
27 235 1
40 236 1
28 236 1
135 237 1
244 237 1
146 238 1
262 238 1
150 239 1
269 239 1
111 240 1
404 240 1
103 241 1
216 241 1
111 242 1
404 242 1
308 243 1
52 243 1
112 244 1
405 244 1
158 245 1
424 245 1
308 246 1
52 246 1
351 247 1
200 247 1
137 248 1
247 248 1
137 249 1
247 249 1
137 250 1
247 250 1
137 251 1
247 251 1
298 252 1
27 252 1
90 253 1
204 253 1
379 254 1
274 254 1
160 255 1
425 255 1
346 256 1
189 256 1
49 257 1
283 257 1
211 258 1
355 258 1
104 259 1
217 259 1
61 260 1
162 260 1
63 261 1
385 261 1
153 262 1
421 262 1
62 263 1
384 263 1
374 264 1
263 264 1
371 265 1
258 265 1
140 266 1
417 266 1
327 267 1
53 267 1
101 268 1
400 268 1
59 269 1
382 269 1
358 270 1
221 270 1
340 271 1
167 271 1
310 272 1
48 272 1
112 273 1
405 273 1
55 274 1
279 274 1
36 275 1
302 275 1
144 276 1
419 276 1
138 277 1
253 277 1
141 278 1
418 278 1
