     1   150   209   145   200     2   153   122    37     7   163     4    27   143   199    20    46    98    30    17   185    11    33    95    29    14    36    13    34   170   178    18    41    22    50    31    39    43    40    56    55    53    49     6    28    32    52
246 2 1
26 2 1
247 3 1
154 3 1
3 4 1
155 4 1
249 5 1
159 5 1
5 6 1
212 6 1
105 7 1
291 7 1
106 8 1
292 8 1
8 9 1
213 9 1
113 10 1
296 10 1
10 11 1
297 11 1
117 12 1
300 12 1
12 13 1
171 13 1
257 14 1
35 14 1
261 15 1
180 15 1
126 16 1
181 16 1
127 17 1
184 17 1
264 18 1
187 18 1
129 19 1
44 19 1
132 20 1
308 20 1
138 21 1
194 21 1
138 22 1
194 22 1
139 23 1
196 23 1
146 24 1
315 24 1
148 25 1
317 25 1
147 26 1
316 26 1
101 27 1
288 27 1
278 28 1
205 28 1
5 29 1
212 29 1
133 30 1
47 30 1
9 31 1
165 31 1
110 32 1
294 32 1
131 33 1
307 33 1
25 34 1
318 34 1
112 35 1
295 35 1
117 36 1
300 36 1
3 37 1
155 37 1
246 38 1
26 38 1
15 39 1
38 39 1
16 40 1
182 40 1
5 41 1
212 41 1
91 42 1
157 42 1
211 43 1
42 43 1
147 44 1
316 44 1
105 45 1
291 45 1
149 46 1
208 46 1
263 47 1
186 47 1
3 48 1
155 48 1
21 49 1
48 49 1
19 50 1
45 50 1
136 51 1
192 51 1
23 52 1
51 52 1
273 53 1
199 53 1
119 54 1
302 54 1
24 55 1
54 55 1
206 56 1
279 56 1
219 57 1
76 57 1
219 58 1
76 58 1
219 59 1
76 59 1
57 60 1
231 60 1
57 61 1
231 61 1
57 62 1
231 62 1
58 63 1
67 63 1
59 64 1
223 64 1
221 65 1
60 65 1
221 66 1
60 66 1
224 67 1
70 67 1
225 68 1
75 68 1
225 69 1
75 69 1
225 70 1
75 70 1
226 71 1
78 71 1
226 72 1
78 72 1
226 73 1
78 73 1
1 74 1
243 74 1
1 75 1
243 75 1
74 76 1
220 76 1
238 77 1
69 77 1
238 78 1
69 78 1
238 79 1
69 79 1
239 80 1
68 80 1
77 81 1
232 81 1
77 82 1
232 82 1
77 83 1
232 83 1
79 84 1
227 84 1
80 85 1
229 85 1
233 86 1
81 86 1
63 87 1
72 87 1
237 88 1
71 88 1
61 89 1
234 89 1
228 90 1
87 90 1
90 91 1
156 91 1
250 92 1
160 92 1
73 93 1
236 93 1
93 94 1
282 94 1
94 95 1
283 95 1
73 96 1
236 96 1
96 97 1
284 97 1
97 98 1
286 98 1
61 99 1
234 99 1
251 100 1
161 100 1
251 101 1
161 101 1
99 102 1
285 102 1
102 103 1
289 103 1
99 104 1
285 104 1
104 105 1
290 105 1
252 106 1
164 106 1
252 107 1
164 107 1
89 108 1
242 108 1
89 109 1
242 109 1
109 110 1
168 110 1
61 111 1
234 111 1
111 112 1
169 112 1
111 113 1
169 113 1
61 114 1
234 114 1
114 115 1
123 115 1
115 116 1
298 116 1
114 117 1
123 117 1
255 118 1
172 118 1
258 119 1
174 119 1
259 120 1
175 120 1
120 121 1
176 121 1
260 122 1
179 122 1
222 123 1
83 123 1
222 124 1
83 124 1
230 125 1
65 125 1
125 126 1
304 126 1
262 127 1
183 127 1
266 128 1
189 128 1
128 129 1
305 129 1
266 130 1
189 130 1
130 131 1
306 131 1
130 132 1
306 132 1
130 133 1
306 133 1
267 134 1
190 134 1
86 135 1
217 135 1
135 136 1
310 136 1
233 137 1
81 137 1
270 138 1
108 138 1
271 139 1
195 139 1
271 140 1
195 140 1
272 141 1
198 141 1
141 142 1
312 142 1
142 143 1
313 143 1
272 144 1
198 144 1
144 145 1
314 145 1
274 146 1
201 146 1
276 147 1
203 147 1
276 148 1
203 148 1
280 149 1
207 149 1
280 150 1
207 150 1
222 151 1
83 151 1
266 152 1
189 152 1
103 153 1
162 153 1
252 154 1
164 154 1
104 155 1
290 155 1
253 156 1
166 156 1
104 157 1
290 157 1
73 158 1
236 158 1
88 159 1
240 159 1
82 160 1
215 160 1
222 161 1
83 161 1
245 162 1
152 162 1
140 163 1
197 163 1
61 164 1
234 164 1
103 165 1
162 165 1
61 166 1
234 166 1
61 167 1
234 167 1
241 168 1
66 168 1
222 169 1
83 169 1
116 170 1
299 170 1
134 171 1
309 171 1
235 172 1
64 172 1
248 173 1
158 173 1
137 174 1
311 174 1
252 175 1
164 175 1
118 176 1
301 176 1
265 177 1
188 177 1
121 178 1
177 178 1
114 179 1
123 179 1
275 180 1
202 180 1
258 181 1
174 181 1
277 182 1
204 182 1
124 183 1
303 183 1
130 184 1
306 184 1
116 185 1
299 185 1
244 186 1
151 186 1
111 187 1
169 187 1
271 188 1
195 188 1
61 189 1
234 189 1
84 190 1
216 190 1
214 191 1
62 191 1
92 192 1
281 192 1
114 193 1
123 193 1
280 194 1
207 194 1
254 195 1
167 195 1
107 196 1
293 196 1
92 197 1
281 197 1
73 198 1
236 198 1
100 199 1
287 199 1
269 200 1
193 200 1
268 201 1
191 201 1
268 202 1
191 202 1
61 203 1
234 203 1
271 204 1
195 204 1
256 205 1
173 205 1
210 206 1
319 206 1
254 207 1
167 207 1
270 208 1
108 208 1
270 209 1
108 209 1
218 210 1
85 210 1
