     1   267   354   252   344     2   274   205    39     7   290     4    28   250   343    21    44   177    32    17   320    11    36   174    31    14    38    13    37   300   308    18    42    23    47    34    40    43    41    53    52    50    46     6    30    35    49
163 2 1
27 2 1
164 3 1
275 3 1
3 4 1
276 4 1
171 5 1
453 5 1
5 6 1
29 6 1
184 7 1
289 7 1
439 8 1
292 8 1
8 9 1
33 9 1
190 10 1
297 10 1
10 11 1
298 11 1
194 12 1
301 12 1
12 13 1
302 13 1
197 14 1
355 14 1
207 15 1
313 15 1
211 16 1
465 16 1
218 17 1
319 17 1
221 18 1
324 18 1
223 19 1
325 19 1
229 20 1
358 20 1
231 21 1
332 21 1
241 22 1
337 22 1
241 23 1
337 23 1
243 24 1
338 24 1
254 25 1
345 25 1
258 26 1
348 26 1
257 27 1
347 27 1
180 28 1
285 28 1
167 29 1
279 29 1
260 30 1
480 30 1
5 31 1
29 31 1
232 32 1
45 32 1
445 33 1
322 33 1
9 34 1
457 34 1
188 35 1
459 35 1
447 36 1
331 36 1
26 37 1
349 37 1
194 38 1
301 38 1
3 39 1
276 39 1
15 40 1
356 40 1
16 41 1
315 41 1
5 42 1
29 42 1
19 43 1
357 43 1
266 44 1
353 44 1
219 45 1
321 45 1
22 46 1
360 46 1
20 47 1
359 47 1
238 48 1
472 48 1
24 49 1
48 49 1
449 50 1
343 50 1
444 51 1
306 51 1
25 52 1
51 52 1
483 53 1
263 53 1
363 54 1
119 54 1
363 55 1
119 55 1
364 56 1
113 56 1
364 57 1
113 57 1
364 58 1
113 58 1
369 59 1
121 59 1
371 60 1
104 60 1
371 61 1
104 61 1
384 62 1
67 62 1
390 63 1
109 63 1
390 64 1
109 64 1
390 65 1
109 65 1
390 66 1
109 66 1
391 67 1
110 67 1
394 68 1
124 68 1
394 69 1
124 69 1
399 70 1
101 70 1
399 71 1
101 71 1
400 72 1
107 72 1
400 73 1
107 73 1
70 74 1
393 74 1
70 75 1
393 75 1
71 76 1
427 76 1
71 77 1
427 77 1
71 78 1
427 78 1
401 79 1
60 79 1
401 80 1
60 80 1
401 81 1
60 81 1
401 82 1
60 82 1
402 83 1
114 83 1
403 84 1
116 84 1
403 85 1
116 85 1
403 86 1
116 86 1
403 87 1
116 87 1
406 88 1
110 88 1
406 89 1
110 89 1
413 90 1
105 90 1
413 91 1
105 91 1
90 92 1
432 92 1
417 93 1
123 93 1
417 94 1
123 94 1
417 95 1
123 95 1
417 96 1
123 96 1
419 97 1
61 97 1
1 98 1
381 98 1
1 99 1
381 99 1
1 100 1
381 100 1
1 101 1
388 101 1
1 102 1
388 102 1
1 103 1
388 103 1
1 104 1
388 104 1
98 105 1
389 105 1
98 106 1
389 106 1
99 107 1
415 107 1
99 108 1
415 108 1
100 109 1
416 109 1
100 110 1
416 110 1
100 111 1
416 111 1
100 112 1
416 112 1
100 113 1
416 113 1
100 114 1
416 114 1
100 115 1
416 115 1
100 116 1
416 116 1
102 117 1
373 117 1
102 118 1
373 118 1
102 119 1
373 119 1
102 120 1
373 120 1
103 121 1
372 121 1
103 122 1
372 122 1
103 123 1
372 123 1
103 124 1
372 124 1
103 125 1
372 125 1
103 126 1
372 126 1
106 127 1
362 127 1
106 128 1
362 128 1
108 129 1
392 129 1
108 130 1
392 130 1
108 131 1
392 131 1
111 132 1
424 132 1
111 133 1
424 133 1
111 134 1
424 134 1
111 135 1
412 135 1
112 136 1
365 136 1
112 137 1
365 137 1
112 138 1
365 138 1
115 139 1
398 139 1
115 140 1
398 140 1
115 141 1
398 141 1
115 142 1
398 142 1
117 143 1
420 143 1
117 144 1
361 144 1
118 145 1
397 145 1
118 146 1
397 146 1
125 147 1
411 147 1
125 148 1
411 148 1
125 149 1
411 149 1
125 150 1
411 150 1
425 151 1
122 151 1
126 152 1
386 152 1
377 153 1
73 153 1
396 154 1
59 154 1
126 155 1
386 155 1
435 156 1
148 156 1
435 157 1
148 157 1
63 158 1
79 158 1
158 159 1
270 159 1
158 160 1
270 160 1
385 161 1
64 161 1
161 162 1
273 162 1
162 163 1
213 163 1
161 164 1
273 164 1
65 165 1
367 165 1
66 166 1
145 166 1
62 167 1
422 167 1
78 168 1
418 168 1
168 169 1
452 169 1
88 170 1
80 170 1
170 171 1
280 171 1
395 172 1
141 172 1
172 173 1
281 173 1
173 174 1
282 174 1
395 175 1
141 175 1
175 176 1
454 176 1
176 177 1
455 177 1
370 178 1
129 178 1
438 179 1
284 179 1
438 180 1
284 180 1
178 181 1
283 181 1
181 182 1
286 182 1
178 183 1
283 183 1
183 184 1
288 184 1
132 185 1
409 185 1
431 186 1
155 186 1
431 187 1
155 187 1
187 188 1
458 188 1
370 189 1
129 189 1
189 190 1
296 190 1
370 191 1
129 191 1
191 192 1
208 192 1
192 193 1
299 193 1
191 194 1
208 194 1
387 195 1
130 195 1
74 196 1
404 196 1
443 197 1
305 197 1
382 198 1
56 198 1
382 199 1
56 199 1
199 200 1
462 200 1
200 201 1
463 201 1
383 202 1
97 202 1
421 203 1
127 203 1
203 204 1
310 204 1
204 205 1
311 205 1
82 206 1
142 206 1
206 207 1
312 207 1
379 208 1
151 208 1
379 209 1
151 209 1
84 210 1
380 210 1
210 211 1
464 211 1
91 212 1
72 212 1
212 213 1
466 213 1
429 214 1
86 214 1
429 215 1
86 215 1
374 216 1
77 216 1
216 217 1
317 217 1
217 218 1
318 218 1
216 219 1
317 219 1
374 220 1
77 220 1
220 221 1
323 221 1
57 222 1
378 222 1
222 223 1
468 223 1
58 224 1
152 224 1
224 225 1
469 225 1
136 226 1
408 226 1
136 227 1
408 227 1
446 228 1
328 228 1
446 229 1
328 229 1
227 230 1
327 230 1
230 231 1
330 231 1
230 232 1
330 232 1
136 233 1
408 233 1
233 234 1
333 234 1
138 235 1
95 235 1
235 236 1
470 236 1
426 237 1
55 237 1
237 238 1
471 238 1
128 239 1
93 239 1
239 240 1
335 240 1
448 241 1
186 241 1
433 242 1
96 242 1
242 243 1
473 243 1
242 244 1
473 244 1
68 245 1
414 245 1
245 246 1
339 246 1
68 247 1
414 247 1
247 248 1
341 248 1
248 249 1
475 249 1
249 250 1
342 250 1
247 251 1
341 251 1
251 252 1
476 252 1
147 253 1
75 253 1
253 254 1
477 254 1
149 255 1
436 255 1
143 256 1
83 256 1
256 257 1
346 257 1
256 258 1
346 258 1
144 259 1
434 259 1
259 260 1
479 260 1
120 261 1
407 261 1
261 262 1
481 262 1
262 263 1
482 263 1
376 264 1
139 264 1
430 265 1
87 265 1
265 266 1
484 266 1
265 267 1
484 267 1
379 268 1
151 268 1
54 269 1
69 269 1
76 270 1
89 270 1
227 271 1
327 271 1
195 272 1
303 272 1
136 273 1
408 273 1
182 274 1
287 274 1
185 275 1
291 275 1
183 276 1
288 276 1
374 277 1
77 277 1
133 278 1
410 278 1
195 279 1
303 279 1
78 280 1
418 280 1
428 281 1
85 281 1
157 282 1
269 282 1
136 283 1
408 283 1
379 284 1
151 284 1
442 285 1
295 285 1
92 286 1
368 286 1
159 287 1
271 287 1
165 288 1
277 288 1
162 289 1
213 289 1
244 290 1
474 290 1
370 291 1
129 291 1
78 292 1
418 292 1
94 293 1
366 293 1
137 294 1
81 294 1
74 295 1
404 295 1
379 296 1
151 296 1
203 297 1
310 297 1
160 298 1
272 298 1
198 299 1
461 299 1
193 300 1
460 300 1
153 301 1
154 301 1
236 302 1
334 302 1
65 303 1
367 303 1
374 304 1
77 304 1
423 305 1
135 305 1
202 306 1
309 306 1
225 307 1
326 307 1
201 308 1
307 308 1
140 309 1
131 309 1
82 310 1
142 310 1
191 311 1
208 311 1
429 312 1
86 312 1
255 313 1
478 313 1
428 314 1
85 314 1
450 315 1
350 315 1
261 316 1
481 316 1
132 317 1
409 317 1
209 318 1
314 318 1
230 319 1
330 319 1
193 320 1
460 320 1
156 321 1
268 321 1
150 322 1
437 322 1
146 323 1
405 323 1
189 324 1
296 324 1
215 325 1
467 325 1
242 326 1
473 326 1
370 327 1
129 327 1
433 328 1
96 328 1
440 329 1
293 329 1
196 330 1
304 330 1
214 331 1
316 331 1
234 332 1
169 332 1
375 333 1
134 333 1
451 334 1
351 334 1
74 335 1
404 335 1
191 336 1
208 336 1
265 337 1
484 337 1
441 338 1
294 338 1
428 339 1
85 339 1
166 340 1
226 340 1
395 341 1
141 341 1
228 342 1
329 342 1
179 343 1
456 343 1
240 344 1
336 344 1
264 345 1
352 345 1
370 346 1
129 346 1
166 347 1
278 347 1
158 348 1
270 348 1
246 349 1
340 349 1
242 350 1
473 350 1
374 351 1
77 351 1
387 352 1
130 352 1
448 353 1
186 353 1
448 354 1
186 354 1
