     1    67    72    73    75    80    82    89    92    93    99   101   103   107   109   111   117   118   122   125   129   131   132   133   137   138   142   146   147   150   152   157   167   173   176   182   183   185   186   187   188   189   191   192   193   194   195   196   197   198   202   203   204   209   211   213   220   221   225   226   229   230   232   235   236   237   239   243   246   250   251   252   253   255   261   262   263   264   265   271   272   278   281   282   289   297
299 2 1
1 2 1
299 3 1
1 3 1
299 4 1
1 4 1
2 5 1
314 5 1
2 6 1
314 6 1
2 7 1
314 7 1
3 8 1
302 8 1
5 9 1
310 9 1
6 10 1
324 10 1
6 11 1
324 11 1
6 12 1
324 12 1
7 13 1
305 13 1
7 14 1
305 14 1
7 15 1
305 15 1
7 16 1
305 16 1
7 17 1
305 17 1
7 18 1
305 18 1
7 19 1
305 19 1
8 20 1
327 20 1
8 21 1
327 21 1
8 22 1
327 22 1
9 23 1
311 23 1
9 24 1
311 24 1
9 25 1
311 25 1
10 26 1
312 26 1
11 27 1
339 27 1
11 28 1
339 28 1
13 29 1
336 29 1
13 30 1
336 30 1
13 31 1
336 31 1
13 32 1
336 32 1
14 33 1
349 33 1
14 34 1
349 34 1
18 35 1
342 35 1
18 36 1
342 36 1
18 37 1
342 37 1
313 38 1
17 38 1
315 39 1
4 39 1
323 40 1
39 40 1
323 41 1
39 41 1
323 42 1
39 42 1
323 43 1
39 43 1
323 44 1
39 44 1
323 45 1
39 45 1
40 46 1
306 46 1
40 47 1
306 47 1
40 48 1
306 48 1
40 49 1
306 49 1
41 50 1
337 50 1
42 51 1
338 51 1
42 52 1
338 52 1
325 53 1
16 53 1
325 54 1
16 54 1
335 55 1
15 55 1
335 56 1
15 56 1
43 57 1
343 57 1
43 58 1
343 58 1
351 59 1
26 59 1
351 60 1
26 60 1
60 61 1
403 61 1
356 62 1
169 62 1
62 63 1
170 63 1
316 64 1
46 64 1
358 65 1
154 65 1
65 66 1
171 66 1
360 67 1
175 67 1
361 68 1
177 68 1
68 69 1
178 69 1
44 70 1
329 70 1
180 71 1
70 71 1
71 72 1
181 72 1
72 73 1
406 73 1
362 74 1
184 74 1
74 75 1
407 75 1
318 76 1
24 76 1
76 77 1
408 77 1
409 78 1
77 78 1
76 79 1
408 79 1
79 80 1
411 80 1
326 81 1
53 81 1
367 82 1
201 82 1
20 83 1
330 83 1
20 84 1
340 84 1
84 85 1
413 85 1
369 86 1
206 86 1
86 87 1
207 87 1
86 88 1
207 88 1
86 89 1
207 89 1
369 90 1
206 90 1
309 91 1
29 91 1
370 92 1
210 92 1
371 93 1
212 93 1
49 94 1
344 94 1
372 95 1
215 95 1
373 96 1
217 96 1
96 97 1
364 97 1
97 98 1
218 98 1
98 99 1
219 99 1
376 100 1
224 100 1
100 101 1
418 101 1
376 102 1
224 102 1
102 103 1
419 103 1
30 104 1
308 104 1
31 105 1
352 105 1
105 106 1
227 106 1
31 107 1
352 107 1
107 108 1
229 108 1
108 109 1
357 109 1
107 110 1
229 110 1
377 111 1
231 111 1
378 112 1
233 112 1
112 113 1
422 113 1
33 114 1
321 114 1
55 115 1
332 115 1
379 116 1
234 116 1
116 117 1
426 117 1
380 118 1
238 118 1
56 119 1
334 119 1
119 120 1
240 120 1
119 121 1
240 121 1
121 122 1
242 122 1
56 123 1
334 123 1
123 124 1
428 124 1
381 125 1
245 125 1
35 126 1
301 126 1
36 127 1
331 127 1
127 128 1
429 128 1
128 129 1
248 129 1
36 130 1
331 130 1
36 131 1
331 131 1
131 132 1
250 132 1
132 133 1
430 133 1
19 134 1
304 134 1
134 135 1
431 135 1
135 136 1
432 136 1
136 137 1
433 137 1
382 138 1
254 138 1
384 139 1
257 139 1
139 140 1
258 140 1
385 141 1
260 141 1
141 142 1
434 142 1
386 143 1
266 143 1
387 144 1
268 144 1
333 145 1
21 145 1
388 146 1
270 146 1
388 147 1
270 147 1
58 148 1
348 148 1
345 149 1
50 149 1
393 150 1
277 150 1
394 151 1
279 151 1
151 152 1
280 152 1
396 153 1
284 153 1
346 154 1
54 154 1
397 155 1
286 155 1
397 156 1
286 156 1
346 157 1
54 157 1
27 158 1
319 158 1
438 159 1
158 159 1
28 160 1
320 160 1
160 161 1
440 161 1
398 162 1
291 162 1
162 163 1
292 163 1
399 164 1
293 164 1
355 165 1
52 165 1
355 166 1
52 166 1
400 167 1
296 167 1
112 168 1
422 168 1
83 169 1
205 169 1
119 170 1
240 170 1
391 171 1
275 171 1
124 172 1
244 172 1
66 173 1
172 173 1
317 174 1
23 174 1
37 175 1
353 175 1
155 176 1
287 176 1
326 177 1
53 177 1
389 178 1
273 178 1
388 179 1
270 179 1
12 180 1
350 180 1
38 181 1
25 181 1
120 182 1
241 182 1
78 183 1
410 183 1
358 184 1
154 184 1
140 185 1
259 185 1
75 186 1
185 186 1
75 187 1
185 187 1
75 188 1
185 188 1
75 189 1
185 189 1
165 190 1
295 190 1
87 191 1
208 191 1
80 192 1
191 192 1
80 193 1
191 193 1
80 194 1
191 194 1
80 195 1
191 195 1
80 196 1
191 196 1
80 197 1
191 197 1
80 198 1
191 198 1
81 199 1
412 199 1
22 200 1
300 200 1
139 201 1
258 201 1
110 202 1
421 202 1
368 203 1
202 203 1
368 204 1
202 204 1
12 205 1
350 205 1
20 206 1
340 206 1
36 207 1
331 207 1
91 208 1
417 208 1
365 209 1
199 209 1
157 210 1
289 210 1
363 211 1
190 211 1
119 212 1
240 212 1
139 213 1
258 213 1
31 214 1
352 214 1
57 215 1
347 215 1
90 216 1
416 216 1
307 217 1
45 217 1
397 218 1
286 218 1
88 219 1
415 219 1
98 220 1
219 220 1
395 221 1
283 221 1
105 222 1
227 222 1
12 223 1
350 223 1
346 224 1
54 224 1
374 225 1
222 225 1
383 226 1
256 226 1
83 227 1
205 227 1
130 228 1
249 228 1
369 229 1
206 229 1
69 230 1
179 230 1
126 231 1
247 231 1
113 232 1
423 232 1
333 233 1
21 233 1
145 234 1
435 234 1
153 235 1
285 235 1
117 236 1
427 236 1
117 237 1
427 237 1
401 238 1
298 238 1
161 239 1
290 239 1
341 240 1
32 240 1
390 241 1
274 241 1
59 242 1
402 242 1
95 243 1
216 243 1
85 244 1
414 244 1
366 245 1
200 245 1
441 246 1
163 246 1
56 247 1
334 247 1
386 248 1
266 248 1
318 249 1
24 249 1
38 250 1
25 250 1
139 251 1
258 251 1
151 252 1
280 252 1
156 253 1
288 253 1
114 254 1
424 254 1
106 255 1
228 255 1
114 256 1
424 256 1
326 257 1
53 257 1
115 258 1
425 258 1
164 259 1
294 259 1
326 260 1
53 260 1
370 261 1
210 261 1
142 262 1
261 262 1
142 263 1
261 263 1
142 264 1
261 264 1
142 265 1
261 265 1
318 266 1
24 266 1
94 267 1
214 267 1
326 268 1
53 268 1
359 269 1
174 269 1
399 270 1
293 270 1
166 271 1
442 271 1
365 272 1
199 272 1
354 273 1
51 273 1
30 274 1
308 274 1
48 275 1
303 275 1
223 276 1
375 276 1
107 277 1
229 277 1
61 278 1
168 278 1
64 279 1
405 279 1
159 280 1
439 280 1
63 281 1
404 281 1
152 282 1
281 282 1
392 283 1
276 283 1
397 284 1
286 284 1
144 285 1
269 285 1
346 286 1
54 286 1
104 287 1
420 287 1
59 288 1
402 288 1
378 289 1
233 289 1
360 290 1
175 290 1
328 291 1
47 291 1
115 292 1
425 292 1
341 293 1
32 293 1
149 294 1
437 294 1
34 295 1
322 295 1
148 296 1
436 296 1
143 297 1
267 297 1
145 298 1
435 298 1
