     1   167   170   171   175   179   182   186   189   190   197   204   206   210   212   214   219   221   224   227   231   233   234   235   239   240   248   255   256   262   265   274   286   292   295   299   300   302   303   304   305   306   309   310   311   312   313   314   315   316   322   323   324   329   331   333   338   339   342   343   347   348   350   355   356   357   359   361   364   369   370   371   373   375   381   382   383   384   385   392   393   397   399   400   404   413
414 2 1
58 2 1
415 3 1
44 3 1
415 4 1
44 4 1
415 5 1
44 5 1
3 6 1
435 6 1
4 7 1
449 7 1
4 8 1
449 8 1
4 9 1
449 9 1
5 10 1
430 10 1
5 11 1
430 11 1
5 12 1
430 12 1
5 13 1
430 13 1
5 14 1
430 14 1
5 15 1
430 15 1
5 16 1
430 16 1
6 17 1
436 17 1
6 18 1
436 18 1
7 19 1
437 19 1
8 20 1
115 20 1
8 21 1
115 21 1
10 22 1
110 22 1
10 23 1
110 23 1
11 24 1
490 24 1
11 25 1
490 25 1
11 26 1
490 26 1
11 27 1
490 27 1
15 28 1
472 28 1
15 29 1
472 29 1
15 30 1
472 30 1
423 31 1
62 31 1
423 32 1
62 32 1
424 33 1
119 33 1
429 34 1
102 34 1
429 35 1
90 35 1
429 36 1
90 36 1
429 37 1
90 37 1
35 38 1
477 38 1
36 39 1
475 39 1
36 40 1
475 40 1
434 41 1
81 41 1
438 42 1
14 42 1
1 43 1
484 43 1
1 44 1
484 44 1
1 45 1
484 45 1
1 46 1
484 46 1
1 47 1
484 47 1
1 48 1
484 48 1
1 49 1
484 49 1
1 50 1
484 50 1
1 51 1
484 51 1
46 52 1
465 52 1
46 53 1
465 53 1
46 54 1
465 54 1
47 55 1
488 55 1
48 56 1
416 56 1
49 57 1
480 57 1
51 58 1
474 58 1
52 59 1
427 59 1
52 60 1
427 60 1
52 61 1
427 61 1
54 62 1
495 62 1
54 63 1
495 63 1
59 64 1
146 64 1
61 65 1
487 65 1
63 66 1
122 66 1
444 67 1
57 67 1
444 68 1
57 68 1
445 69 1
116 69 1
447 70 1
99 70 1
448 71 1
56 71 1
448 72 1
56 72 1
448 73 1
56 73 1
448 74 1
56 74 1
70 75 1
60 75 1
71 76 1
34 76 1
72 77 1
112 77 1
450 78 1
13 78 1
450 79 1
13 79 1
453 80 1
45 80 1
80 81 1
428 81 1
456 82 1
125 82 1
462 83 1
103 83 1
462 84 1
103 84 1
463 85 1
104 85 1
463 86 1
104 86 1
463 87 1
104 87 1
464 88 1
43 88 1
464 89 1
43 89 1
464 90 1
43 90 1
464 91 1
43 91 1
89 92 1
454 92 1
89 93 1
454 93 1
91 94 1
486 94 1
91 95 1
486 95 1
92 96 1
121 96 1
92 97 1
121 97 1
469 98 1
45 98 1
469 99 1
45 99 1
469 100 1
45 100 1
469 101 1
45 101 1
469 102 1
45 102 1
470 103 1
50 103 1
470 104 1
50 104 1
470 105 1
50 105 1
470 106 1
50 106 1
470 107 1
50 107 1
471 108 1
88 108 1
471 109 1
88 109 1
471 110 1
88 110 1
471 111 1
88 111 1
471 112 1
88 112 1
100 113 1
432 113 1
100 114 1
432 114 1
100 115 1
432 115 1
100 116 1
432 116 1
100 117 1
432 117 1
100 118 1
432 118 1
101 119 1
431 119 1
101 120 1
431 120 1
101 121 1
431 121 1
101 122 1
431 122 1
101 123 1
431 123 1
101 124 1
431 124 1
105 125 1
457 125 1
105 126 1
457 126 1
105 127 1
457 127 1
105 128 1
457 128 1
105 129 1
457 129 1
106 130 1
417 130 1
106 131 1
417 131 1
108 132 1
461 132 1
109 133 1
12 133 1
111 134 1
68 134 1
113 135 1
2 135 1
113 136 1
2 136 1
113 137 1
2 137 1
114 138 1
67 138 1
123 139 1
459 139 1
476 140 1
93 140 1
479 141 1
107 141 1
481 142 1
98 142 1
485 143 1
53 143 1
143 144 1
439 144 1
489 145 1
55 145 1
489 146 1
55 146 1
489 147 1
55 147 1
145 148 1
120 148 1
145 149 1
120 149 1
145 150 1
120 150 1
147 151 1
441 151 1
129 152 1
492 152 1
124 153 1
440 153 1
84 154 1
451 154 1
73 155 1
473 155 1
73 156 1
473 156 1
94 157 1
142 157 1
151 158 1
19 158 1
158 159 1
287 159 1
502 160 1
289 160 1
503 161 1
259 161 1
467 162 1
86 162 1
162 163 1
527 163 1
163 164 1
530 164 1
95 165 1
128 165 1
505 166 1
293 166 1
166 167 1
294 167 1
74 168 1
455 168 1
297 169 1
168 169 1
169 170 1
298 170 1
170 171 1
299 171 1
87 172 1
442 172 1
172 173 1
533 173 1
173 174 1
301 174 1
174 175 1
534 175 1
508 176 1
308 176 1
535 177 1
176 177 1
508 178 1
308 178 1
178 179 1
537 179 1
467 180 1
86 180 1
512 181 1
320 181 1
181 182 1
321 182 1
467 183 1
86 183 1
183 184 1
326 184 1
184 185 1
327 185 1
184 186 1
327 186 1
183 187 1
326 187 1
41 188 1
22 188 1
514 189 1
330 189 1
515 190 1
332 190 1
76 191 1
134 191 1
38 192 1
421 192 1
192 193 1
335 193 1
127 194 1
483 194 1
194 195 1
542 195 1
516 196 1
337 196 1
196 197 1
544 197 1
37 198 1
452 198 1
198 199 1
545 199 1
199 200 1
546 200 1
37 201 1
452 201 1
37 202 1
452 202 1
202 203 1
547 203 1
203 204 1
548 204 1
202 205 1
547 205 1
205 206 1
549 206 1
23 207 1
153 207 1
207 208 1
344 208 1
207 209 1
344 209 1
23 210 1
153 210 1
210 211 1
347 211 1
211 212 1
161 212 1
210 213 1
347 213 1
517 214 1
349 214 1
24 215 1
460 215 1
518 216 1
352 216 1
25 217 1
446 217 1
519 218 1
353 218 1
218 219 1
354 219 1
521 220 1
358 220 1
220 221 1
553 221 1
522 222 1
360 222 1
522 223 1
360 223 1
223 224 1
555 224 1
42 225 1
18 225 1
225 226 1
362 226 1
226 227 1
363 227 1
28 228 1
32 228 1
29 229 1
82 229 1
229 230 1
366 230 1
230 231 1
367 231 1
29 232 1
82 232 1
29 233 1
82 233 1
233 234 1
369 234 1
234 235 1
370 235 1
16 236 1
426 236 1
236 237 1
556 237 1
237 238 1
557 238 1
238 239 1
372 239 1
523 240 1
374 240 1
141 241 1
425 241 1
152 242 1
21 242 1
129 243 1
492 243 1
243 244 1
559 244 1
244 245 1
560 245 1
148 246 1
40 246 1
246 247 1
379 247 1
247 248 1
380 248 1
149 249 1
39 249 1
249 250 1
386 250 1
157 251 1
150 251 1
130 252 1
466 252 1
252 253 1
561 253 1
96 254 1
419 254 1
525 255 1
391 255 1
525 256 1
391 256 1
156 257 1
140 257 1
127 258 1
483 258 1
258 259 1
562 259 1
135 260 1
499 260 1
260 261 1
563 261 1
261 262 1
396 262 1
135 263 1
499 263 1
263 264 1
398 264 1
264 265 1
564 265 1
136 266 1
154 266 1
266 267 1
565 267 1
136 268 1
154 268 1
268 269 1
402 269 1
136 270 1
154 270 1
127 271 1
483 271 1
271 272 1
567 272 1
271 273 1
567 273 1
138 274 1
79 274 1
20 275 1
443 275 1
275 276 1
405 276 1
117 277 1
458 277 1
277 278 1
571 278 1
278 279 1
572 279 1
118 280 1
498 280 1
528 281 1
407 281 1
127 282 1
482 282 1
497 283 1
77 283 1
497 284 1
77 284 1
529 285 1
411 285 1
285 286 1
412 286 1
280 287 1
574 287 1
518 288 1
352 288 1
522 289 1
360 289 1
270 290 1
566 290 1
478 291 1
83 291 1
164 292 1
531 292 1
37 293 1
452 293 1
30 294 1
493 294 1
272 295 1
568 295 1
525 296 1
391 296 1
9 297 1
491 297 1
42 298 1
18 298 1
222 299 1
554 299 1
177 300 1
536 300 1
162 301 1
527 301 1
245 302 1
378 302 1
175 303 1
302 303 1
175 304 1
302 304 1
175 305 1
302 305 1
175 306 1
302 306 1
283 307 1
409 307 1
37 308 1
452 308 1
185 309 1
328 309 1
179 310 1
538 310 1
179 311 1
538 311 1
179 312 1
538 312 1
179 313 1
538 313 1
179 314 1
538 314 1
179 315 1
538 315 1
179 316 1
538 316 1
511 317 1
319 317 1
420 318 1
27 318 1
37 319 1
452 319 1
180 320 1
539 320 1
244 321 1
560 321 1
213 322 1
550 322 1
182 323 1
322 323 1
182 324 1
322 324 1
9 325 1
491 325 1
418 326 1
126 326 1
29 327 1
82 327 1
188 328 1
541 328 1
509 329 1
317 329 1
274 330 1
570 330 1
507 331 1
307 331 1
522 332 1
360 332 1
244 333 1
560 333 1
23 334 1
153 334 1
155 335 1
139 335 1
187 336 1
540 336 1
271 337 1
567 337 1
196 338 1
544 338 1
267 339 1
401 339 1
207 340 1
344 340 1
9 341 1
491 341 1
200 342 1
340 342 1
524 343 1
376 343 1
513 344 1
325 344 1
242 345 1
377 345 1
232 346 1
368 346 1
183 347 1
326 347 1
506 348 1
296 348 1
228 349 1
365 349 1
216 350 1
551 350 1
96 351 1
419 351 1
504 352 1
291 352 1
254 353 1
390 353 1
208 354 1
345 354 1
269 355 1
403 355 1
520 356 1
355 356 1
520 357 1
355 357 1
137 358 1
500 358 1
276 359 1
406 359 1
131 360 1
422 360 1
193 361 1
336 361 1
132 362 1
468 362 1
510 363 1
318 363 1
573 364 1
279 364 1
133 365 1
97 365 1
144 366 1
501 366 1
249 367 1
386 367 1
64 368 1
17 368 1
42 369 1
18 369 1
244 370 1
560 370 1
264 371 1
564 371 1
195 372 1
543 372 1
273 373 1
569 373 1
217 374 1
552 374 1
209 375 1
346 375 1
217 376 1
552 376 1
31 377 1
494 377 1
281 378 1
575 378 1
75 379 1
78 379 1
251 380 1
388 380 1
514 381 1
330 381 1
248 382 1
381 382 1
248 383 1
381 383 1
248 384 1
381 384 1
248 385 1
381 385 1
64 386 1
17 386 1
191 387 1
334 387 1
65 388 1
33 388 1
165 389 1
532 389 1
282 390 1
408 390 1
528 391 1
407 391 1
284 392 1
410 392 1
509 393 1
317 393 1
66 394 1
496 394 1
341 395 1
201 395 1
210 396 1
347 396 1
159 397 1
288 397 1
504 398 1
291 398 1
160 399 1
290 399 1
265 400 1
399 400 1
526 401 1
395 401 1
271 402 1
567 402 1
253 403 1
389 403 1
215 404 1
351 404 1
241 405 1
558 405 1
166 406 1
294 406 1
131 407 1
422 407 1
433 408 1
85 408 1
26 409 1
69 409 1
511 410 1
319 410 1
508 411 1
308 411 1
257 412 1
394 412 1
250 413 1
387 413 1
